1	0	50000
1	50000	100000
1	100000	150000
1	150000	200000
1	200000	250000
1	250000	300000
1	300000	350000
1	350000	400000
1	400000	450000
1	450000	500000
1	500000	550000
1	550000	600000
1	600000	650000
1	650000	700000
1	700000	750000
1	750000	800000
1	800000	850000
1	850000	900000
1	900000	950000
1	950000	1000000
1	1000000	1050000
1	1050000	1100000
1	1100000	1150000
1	1150000	1200000
1	1200000	1250000
1	1250000	1300000
1	1300000	1350000
1	1350000	1400000
1	1400000	1450000
1	1450000	1500000
1	1500000	1550000
1	1550000	1600000
1	1600000	1650000
1	1650000	1700000
1	1700000	1750000
1	1750000	1800000
1	1800000	1850000
1	1850000	1900000
1	1900000	1950000
1	1950000	2000000
1	2000000	2050000
1	2050000	2100000
1	2100000	2150000
1	2150000	2200000
1	2200000	2250000
1	2250000	2300000
1	2300000	2350000
1	2350000	2400000
1	2400000	2450000
1	2450000	2500000
1	2500000	2550000
1	2550000	2600000
1	2600000	2650000
1	2650000	2700000
1	2700000	2750000
1	2750000	2800000
1	2800000	2850000
1	2850000	2900000
1	2900000	2950000
1	2950000	3000000
1	3000000	3050000
1	3050000	3100000
1	3100000	3150000
1	3150000	3200000
1	3200000	3250000
1	3250000	3300000
1	3300000	3350000
1	3350000	3400000
1	3400000	3450000
1	3450000	3500000
1	3500000	3550000
1	3550000	3600000
1	3600000	3650000
1	3650000	3700000
1	3700000	3750000
1	3750000	3800000
1	3800000	3850000
1	3850000	3900000
1	3900000	3950000
1	3950000	4000000
1	4000000	4050000
1	4050000	4100000
1	4100000	4150000
1	4150000	4200000
1	4200000	4250000
1	4250000	4300000
1	4300000	4350000
1	4350000	4400000
1	4400000	4450000
1	4450000	4500000
1	4500000	4550000
1	4550000	4600000
1	4600000	4650000
1	4650000	4700000
1	4700000	4750000
1	4750000	4800000
1	4800000	4850000
1	4850000	4900000
1	4900000	4950000
1	4950000	5000000
1	5000000	5050000
1	5050000	5100000
1	5100000	5150000
1	5150000	5200000
1	5200000	5250000
1	5250000	5300000
1	5300000	5350000
1	5350000	5400000
1	5400000	5450000
1	5450000	5500000
1	5500000	5550000
1	5550000	5600000
1	5600000	5650000
1	5650000	5700000
1	5700000	5750000
1	5750000	5800000
1	5800000	5850000
1	5850000	5900000
1	5900000	5950000
1	5950000	6000000
1	6000000	6050000
1	6050000	6100000
1	6100000	6150000
1	6150000	6200000
1	6200000	6250000
1	6250000	6300000
1	6300000	6350000
1	6350000	6400000
1	6400000	6450000
1	6450000	6500000
1	6500000	6550000
1	6550000	6600000
1	6600000	6650000
1	6650000	6700000
1	6700000	6750000
1	6750000	6800000
1	6800000	6850000
1	6850000	6900000
1	6900000	6950000
1	6950000	7000000
1	7000000	7050000
1	7050000	7100000
1	7100000	7150000
1	7150000	7200000
1	7200000	7250000
1	7250000	7300000
1	7300000	7350000
1	7350000	7400000
1	7400000	7450000
1	7450000	7500000
1	7500000	7550000
1	7550000	7600000
1	7600000	7650000
1	7650000	7700000
1	7700000	7750000
1	7750000	7800000
1	7800000	7850000
1	7850000	7900000
1	7900000	7950000
1	7950000	8000000
1	8000000	8050000
1	8050000	8100000
1	8100000	8150000
1	8150000	8200000
1	8200000	8250000
1	8250000	8300000
1	8300000	8350000
1	8350000	8400000
1	8400000	8450000
1	8450000	8500000
1	8500000	8550000
1	8550000	8600000
1	8600000	8650000
1	8650000	8700000
1	8700000	8750000
1	8750000	8800000
1	8800000	8850000
1	8850000	8900000
1	8900000	8950000
1	8950000	9000000
1	9000000	9050000
1	9050000	9100000
1	9100000	9150000
1	9150000	9200000
1	9200000	9250000
1	9250000	9300000
1	9300000	9350000
1	9350000	9400000
1	9400000	9450000
1	9450000	9500000
1	9500000	9550000
1	9550000	9600000
1	9600000	9650000
1	9650000	9700000
1	9700000	9750000
1	9750000	9800000
1	9800000	9850000
1	9850000	9900000
1	9900000	9950000
1	9950000	10000000
1	10000000	10050000
1	10050000	10100000
1	10100000	10150000
1	10150000	10200000
1	10200000	10250000
1	10250000	10300000
1	10300000	10350000
1	10350000	10400000
1	10400000	10450000
1	10450000	10500000
1	10500000	10550000
1	10550000	10600000
1	10600000	10650000
1	10650000	10700000
1	10700000	10750000
1	10750000	10800000
1	10800000	10850000
1	10850000	10900000
1	10900000	10950000
1	10950000	11000000
1	11000000	11050000
1	11050000	11100000
1	11100000	11150000
1	11150000	11200000
1	11200000	11250000
1	11250000	11300000
1	11300000	11350000
1	11350000	11400000
1	11400000	11450000
1	11450000	11500000
1	11500000	11550000
1	11550000	11600000
1	11600000	11650000
1	11650000	11700000
1	11700000	11750000
1	11750000	11800000
1	11800000	11850000
1	11850000	11900000
1	11900000	11950000
1	11950000	12000000
1	12000000	12050000
1	12050000	12100000
1	12100000	12150000
1	12150000	12200000
1	12200000	12250000
1	12250000	12300000
1	12300000	12350000
1	12350000	12400000
1	12400000	12450000
1	12450000	12500000
1	12500000	12550000
1	12550000	12600000
1	12600000	12650000
1	12650000	12700000
1	12700000	12750000
1	12750000	12800000
1	12800000	12850000
1	12850000	12900000
1	12900000	12950000
1	12950000	13000000
1	13000000	13050000
1	13050000	13100000
1	13100000	13150000
1	13150000	13200000
1	13200000	13250000
1	13250000	13300000
1	13300000	13350000
1	13350000	13400000
1	13400000	13450000
1	13450000	13500000
1	13500000	13550000
1	13550000	13600000
1	13600000	13650000
1	13650000	13700000
1	13700000	13750000
1	13750000	13800000
1	13800000	13850000
1	13850000	13900000
1	13900000	13950000
1	13950000	14000000
1	14000000	14050000
1	14050000	14100000
1	14100000	14150000
1	14150000	14200000
1	14200000	14250000
1	14250000	14300000
1	14300000	14350000
1	14350000	14400000
1	14400000	14450000
1	14450000	14500000
1	14500000	14550000
1	14550000	14600000
1	14600000	14650000
1	14650000	14700000
1	14700000	14750000
1	14750000	14800000
1	14800000	14850000
1	14850000	14900000
1	14900000	14950000
1	14950000	15000000
1	15000000	15050000
1	15050000	15100000
1	15100000	15150000
1	15150000	15200000
1	15200000	15250000
1	15250000	15300000
1	15300000	15350000
1	15350000	15400000
1	15400000	15450000
1	15450000	15500000
1	15500000	15550000
1	15550000	15600000
1	15600000	15650000
1	15650000	15700000
1	15700000	15750000
1	15750000	15800000
1	15800000	15850000
1	15850000	15900000
1	15900000	15950000
1	15950000	16000000
1	16000000	16050000
1	16050000	16100000
1	16100000	16150000
1	16150000	16200000
1	16200000	16250000
1	16250000	16300000
1	16300000	16350000
1	16350000	16400000
1	16400000	16450000
1	16450000	16500000
1	16500000	16550000
1	16550000	16600000
1	16600000	16650000
1	16650000	16700000
1	16700000	16750000
1	16750000	16800000
1	16800000	16850000
1	16850000	16900000
1	16900000	16950000
1	16950000	17000000
1	17000000	17050000
1	17050000	17100000
1	17100000	17150000
1	17150000	17200000
1	17200000	17250000
1	17250000	17300000
1	17300000	17350000
1	17350000	17400000
1	17400000	17450000
1	17450000	17500000
1	17500000	17550000
1	17550000	17600000
1	17600000	17650000
1	17650000	17700000
1	17700000	17750000
1	17750000	17800000
1	17800000	17850000
1	17850000	17900000
1	17900000	17950000
1	17950000	18000000
1	18000000	18050000
1	18050000	18100000
1	18100000	18150000
1	18150000	18200000
1	18200000	18250000
1	18250000	18300000
1	18300000	18350000
1	18350000	18400000
1	18400000	18450000
1	18450000	18500000
1	18500000	18550000
1	18550000	18600000
1	18600000	18650000
1	18650000	18700000
1	18700000	18750000
1	18750000	18800000
1	18800000	18850000
1	18850000	18900000
1	18900000	18950000
1	18950000	19000000
1	19000000	19050000
1	19050000	19100000
1	19100000	19150000
1	19150000	19200000
1	19200000	19250000
1	19250000	19300000
1	19300000	19350000
1	19350000	19400000
1	19400000	19450000
1	19450000	19500000
1	19500000	19550000
1	19550000	19600000
1	19600000	19650000
1	19650000	19700000
1	19700000	19750000
1	19750000	19800000
1	19800000	19850000
1	19850000	19900000
1	19900000	19950000
1	19950000	20000000
1	20000000	20050000
1	20050000	20100000
1	20100000	20150000
1	20150000	20200000
1	20200000	20250000
1	20250000	20300000
1	20300000	20350000
1	20350000	20400000
1	20400000	20450000
1	20450000	20500000
1	20500000	20550000
1	20550000	20600000
1	20600000	20650000
1	20650000	20700000
1	20700000	20750000
1	20750000	20800000
1	20800000	20850000
1	20850000	20900000
1	20900000	20950000
1	20950000	21000000
1	21000000	21050000
1	21050000	21100000
1	21100000	21150000
1	21150000	21200000
1	21200000	21250000
1	21250000	21300000
1	21300000	21350000
1	21350000	21400000
1	21400000	21450000
1	21450000	21500000
1	21500000	21550000
1	21550000	21600000
1	21600000	21650000
1	21650000	21700000
1	21700000	21750000
1	21750000	21800000
1	21800000	21850000
1	21850000	21900000
1	21900000	21950000
1	21950000	22000000
1	22000000	22050000
1	22050000	22100000
1	22100000	22150000
1	22150000	22200000
1	22200000	22250000
1	22250000	22300000
1	22300000	22350000
1	22350000	22400000
1	22400000	22450000
1	22450000	22500000
1	22500000	22550000
1	22550000	22600000
1	22600000	22650000
1	22650000	22700000
1	22700000	22750000
1	22750000	22800000
1	22800000	22850000
1	22850000	22900000
1	22900000	22950000
1	22950000	23000000
1	23000000	23050000
1	23050000	23100000
1	23100000	23150000
1	23150000	23200000
1	23200000	23250000
1	23250000	23300000
1	23300000	23350000
1	23350000	23400000
1	23400000	23450000
1	23450000	23500000
1	23500000	23550000
1	23550000	23600000
1	23600000	23650000
1	23650000	23700000
1	23700000	23750000
1	23750000	23800000
1	23800000	23850000
1	23850000	23900000
1	23900000	23950000
1	23950000	24000000
1	24000000	24050000
1	24050000	24100000
1	24100000	24150000
1	24150000	24200000
1	24200000	24250000
1	24250000	24300000
1	24300000	24350000
1	24350000	24400000
1	24400000	24450000
1	24450000	24500000
1	24500000	24550000
1	24550000	24600000
1	24600000	24650000
1	24650000	24700000
1	24700000	24750000
1	24750000	24800000
1	24800000	24850000
1	24850000	24900000
1	24900000	24950000
1	24950000	25000000
1	25000000	25050000
1	25050000	25100000
1	25100000	25150000
1	25150000	25200000
1	25200000	25250000
1	25250000	25300000
1	25300000	25350000
1	25350000	25400000
1	25400000	25450000
1	25450000	25500000
1	25500000	25550000
1	25550000	25600000
1	25600000	25650000
1	25650000	25700000
1	25700000	25750000
1	25750000	25800000
1	25800000	25850000
1	25850000	25900000
1	25900000	25950000
1	25950000	26000000
1	26000000	26050000
1	26050000	26100000
1	26100000	26150000
1	26150000	26200000
1	26200000	26250000
1	26250000	26300000
1	26300000	26350000
1	26350000	26400000
1	26400000	26450000
1	26450000	26500000
1	26500000	26550000
1	26550000	26600000
1	26600000	26650000
1	26650000	26700000
1	26700000	26750000
1	26750000	26800000
1	26800000	26850000
1	26850000	26900000
1	26900000	26950000
1	26950000	27000000
1	27000000	27050000
1	27050000	27100000
1	27100000	27150000
1	27150000	27200000
1	27200000	27250000
1	27250000	27300000
1	27300000	27350000
1	27350000	27400000
1	27400000	27450000
1	27450000	27500000
1	27500000	27550000
1	27550000	27600000
1	27600000	27650000
1	27650000	27700000
1	27700000	27750000
1	27750000	27800000
1	27800000	27850000
1	27850000	27900000
1	27900000	27950000
1	27950000	28000000
1	28000000	28050000
1	28050000	28100000
1	28100000	28150000
1	28150000	28200000
1	28200000	28250000
1	28250000	28300000
1	28300000	28350000
1	28350000	28400000
1	28400000	28450000
1	28450000	28500000
1	28500000	28550000
1	28550000	28600000
1	28600000	28650000
1	28650000	28700000
1	28700000	28750000
1	28750000	28800000
1	28800000	28850000
1	28850000	28900000
1	28900000	28950000
1	28950000	29000000
1	29000000	29050000
1	29050000	29100000
1	29100000	29150000
1	29150000	29200000
1	29200000	29250000
1	29250000	29300000
1	29300000	29350000
1	29350000	29400000
1	29400000	29450000
1	29450000	29500000
1	29500000	29550000
1	29550000	29600000
1	29600000	29650000
1	29650000	29700000
1	29700000	29750000
1	29750000	29800000
1	29800000	29850000
1	29850000	29900000
1	29900000	29950000
1	29950000	30000000
1	30000000	30050000
1	30050000	30100000
1	30100000	30150000
1	30150000	30200000
1	30200000	30250000
1	30250000	30300000
1	30300000	30350000
1	30350000	30400000
1	30400000	30427671
2	0	50000
2	50000	100000
2	100000	150000
2	150000	200000
2	200000	250000
2	250000	300000
2	300000	350000
2	350000	400000
2	400000	450000
2	450000	500000
2	500000	550000
2	550000	600000
2	600000	650000
2	650000	700000
2	700000	750000
2	750000	800000
2	800000	850000
2	850000	900000
2	900000	950000
2	950000	1000000
2	1000000	1050000
2	1050000	1100000
2	1100000	1150000
2	1150000	1200000
2	1200000	1250000
2	1250000	1300000
2	1300000	1350000
2	1350000	1400000
2	1400000	1450000
2	1450000	1500000
2	1500000	1550000
2	1550000	1600000
2	1600000	1650000
2	1650000	1700000
2	1700000	1750000
2	1750000	1800000
2	1800000	1850000
2	1850000	1900000
2	1900000	1950000
2	1950000	2000000
2	2000000	2050000
2	2050000	2100000
2	2100000	2150000
2	2150000	2200000
2	2200000	2250000
2	2250000	2300000
2	2300000	2350000
2	2350000	2400000
2	2400000	2450000
2	2450000	2500000
2	2500000	2550000
2	2550000	2600000
2	2600000	2650000
2	2650000	2700000
2	2700000	2750000
2	2750000	2800000
2	2800000	2850000
2	2850000	2900000
2	2900000	2950000
2	2950000	3000000
2	3000000	3050000
2	3050000	3100000
2	3100000	3150000
2	3150000	3200000
2	3200000	3250000
2	3250000	3300000
2	3300000	3350000
2	3350000	3400000
2	3400000	3450000
2	3450000	3500000
2	3500000	3550000
2	3550000	3600000
2	3600000	3650000
2	3650000	3700000
2	3700000	3750000
2	3750000	3800000
2	3800000	3850000
2	3850000	3900000
2	3900000	3950000
2	3950000	4000000
2	4000000	4050000
2	4050000	4100000
2	4100000	4150000
2	4150000	4200000
2	4200000	4250000
2	4250000	4300000
2	4300000	4350000
2	4350000	4400000
2	4400000	4450000
2	4450000	4500000
2	4500000	4550000
2	4550000	4600000
2	4600000	4650000
2	4650000	4700000
2	4700000	4750000
2	4750000	4800000
2	4800000	4850000
2	4850000	4900000
2	4900000	4950000
2	4950000	5000000
2	5000000	5050000
2	5050000	5100000
2	5100000	5150000
2	5150000	5200000
2	5200000	5250000
2	5250000	5300000
2	5300000	5350000
2	5350000	5400000
2	5400000	5450000
2	5450000	5500000
2	5500000	5550000
2	5550000	5600000
2	5600000	5650000
2	5650000	5700000
2	5700000	5750000
2	5750000	5800000
2	5800000	5850000
2	5850000	5900000
2	5900000	5950000
2	5950000	6000000
2	6000000	6050000
2	6050000	6100000
2	6100000	6150000
2	6150000	6200000
2	6200000	6250000
2	6250000	6300000
2	6300000	6350000
2	6350000	6400000
2	6400000	6450000
2	6450000	6500000
2	6500000	6550000
2	6550000	6600000
2	6600000	6650000
2	6650000	6700000
2	6700000	6750000
2	6750000	6800000
2	6800000	6850000
2	6850000	6900000
2	6900000	6950000
2	6950000	7000000
2	7000000	7050000
2	7050000	7100000
2	7100000	7150000
2	7150000	7200000
2	7200000	7250000
2	7250000	7300000
2	7300000	7350000
2	7350000	7400000
2	7400000	7450000
2	7450000	7500000
2	7500000	7550000
2	7550000	7600000
2	7600000	7650000
2	7650000	7700000
2	7700000	7750000
2	7750000	7800000
2	7800000	7850000
2	7850000	7900000
2	7900000	7950000
2	7950000	8000000
2	8000000	8050000
2	8050000	8100000
2	8100000	8150000
2	8150000	8200000
2	8200000	8250000
2	8250000	8300000
2	8300000	8350000
2	8350000	8400000
2	8400000	8450000
2	8450000	8500000
2	8500000	8550000
2	8550000	8600000
2	8600000	8650000
2	8650000	8700000
2	8700000	8750000
2	8750000	8800000
2	8800000	8850000
2	8850000	8900000
2	8900000	8950000
2	8950000	9000000
2	9000000	9050000
2	9050000	9100000
2	9100000	9150000
2	9150000	9200000
2	9200000	9250000
2	9250000	9300000
2	9300000	9350000
2	9350000	9400000
2	9400000	9450000
2	9450000	9500000
2	9500000	9550000
2	9550000	9600000
2	9600000	9650000
2	9650000	9700000
2	9700000	9750000
2	9750000	9800000
2	9800000	9850000
2	9850000	9900000
2	9900000	9950000
2	9950000	10000000
2	10000000	10050000
2	10050000	10100000
2	10100000	10150000
2	10150000	10200000
2	10200000	10250000
2	10250000	10300000
2	10300000	10350000
2	10350000	10400000
2	10400000	10450000
2	10450000	10500000
2	10500000	10550000
2	10550000	10600000
2	10600000	10650000
2	10650000	10700000
2	10700000	10750000
2	10750000	10800000
2	10800000	10850000
2	10850000	10900000
2	10900000	10950000
2	10950000	11000000
2	11000000	11050000
2	11050000	11100000
2	11100000	11150000
2	11150000	11200000
2	11200000	11250000
2	11250000	11300000
2	11300000	11350000
2	11350000	11400000
2	11400000	11450000
2	11450000	11500000
2	11500000	11550000
2	11550000	11600000
2	11600000	11650000
2	11650000	11700000
2	11700000	11750000
2	11750000	11800000
2	11800000	11850000
2	11850000	11900000
2	11900000	11950000
2	11950000	12000000
2	12000000	12050000
2	12050000	12100000
2	12100000	12150000
2	12150000	12200000
2	12200000	12250000
2	12250000	12300000
2	12300000	12350000
2	12350000	12400000
2	12400000	12450000
2	12450000	12500000
2	12500000	12550000
2	12550000	12600000
2	12600000	12650000
2	12650000	12700000
2	12700000	12750000
2	12750000	12800000
2	12800000	12850000
2	12850000	12900000
2	12900000	12950000
2	12950000	13000000
2	13000000	13050000
2	13050000	13100000
2	13100000	13150000
2	13150000	13200000
2	13200000	13250000
2	13250000	13300000
2	13300000	13350000
2	13350000	13400000
2	13400000	13450000
2	13450000	13500000
2	13500000	13550000
2	13550000	13600000
2	13600000	13650000
2	13650000	13700000
2	13700000	13750000
2	13750000	13800000
2	13800000	13850000
2	13850000	13900000
2	13900000	13950000
2	13950000	14000000
2	14000000	14050000
2	14050000	14100000
2	14100000	14150000
2	14150000	14200000
2	14200000	14250000
2	14250000	14300000
2	14300000	14350000
2	14350000	14400000
2	14400000	14450000
2	14450000	14500000
2	14500000	14550000
2	14550000	14600000
2	14600000	14650000
2	14650000	14700000
2	14700000	14750000
2	14750000	14800000
2	14800000	14850000
2	14850000	14900000
2	14900000	14950000
2	14950000	15000000
2	15000000	15050000
2	15050000	15100000
2	15100000	15150000
2	15150000	15200000
2	15200000	15250000
2	15250000	15300000
2	15300000	15350000
2	15350000	15400000
2	15400000	15450000
2	15450000	15500000
2	15500000	15550000
2	15550000	15600000
2	15600000	15650000
2	15650000	15700000
2	15700000	15750000
2	15750000	15800000
2	15800000	15850000
2	15850000	15900000
2	15900000	15950000
2	15950000	16000000
2	16000000	16050000
2	16050000	16100000
2	16100000	16150000
2	16150000	16200000
2	16200000	16250000
2	16250000	16300000
2	16300000	16350000
2	16350000	16400000
2	16400000	16450000
2	16450000	16500000
2	16500000	16550000
2	16550000	16600000
2	16600000	16650000
2	16650000	16700000
2	16700000	16750000
2	16750000	16800000
2	16800000	16850000
2	16850000	16900000
2	16900000	16950000
2	16950000	17000000
2	17000000	17050000
2	17050000	17100000
2	17100000	17150000
2	17150000	17200000
2	17200000	17250000
2	17250000	17300000
2	17300000	17350000
2	17350000	17400000
2	17400000	17450000
2	17450000	17500000
2	17500000	17550000
2	17550000	17600000
2	17600000	17650000
2	17650000	17700000
2	17700000	17750000
2	17750000	17800000
2	17800000	17850000
2	17850000	17900000
2	17900000	17950000
2	17950000	18000000
2	18000000	18050000
2	18050000	18100000
2	18100000	18150000
2	18150000	18200000
2	18200000	18250000
2	18250000	18300000
2	18300000	18350000
2	18350000	18400000
2	18400000	18450000
2	18450000	18500000
2	18500000	18550000
2	18550000	18600000
2	18600000	18650000
2	18650000	18700000
2	18700000	18750000
2	18750000	18800000
2	18800000	18850000
2	18850000	18900000
2	18900000	18950000
2	18950000	19000000
2	19000000	19050000
2	19050000	19100000
2	19100000	19150000
2	19150000	19200000
2	19200000	19250000
2	19250000	19300000
2	19300000	19350000
2	19350000	19400000
2	19400000	19450000
2	19450000	19500000
2	19500000	19550000
2	19550000	19600000
2	19600000	19650000
2	19650000	19698289
3	0	50000
3	50000	100000
3	100000	150000
3	150000	200000
3	200000	250000
3	250000	300000
3	300000	350000
3	350000	400000
3	400000	450000
3	450000	500000
3	500000	550000
3	550000	600000
3	600000	650000
3	650000	700000
3	700000	750000
3	750000	800000
3	800000	850000
3	850000	900000
3	900000	950000
3	950000	1000000
3	1000000	1050000
3	1050000	1100000
3	1100000	1150000
3	1150000	1200000
3	1200000	1250000
3	1250000	1300000
3	1300000	1350000
3	1350000	1400000
3	1400000	1450000
3	1450000	1500000
3	1500000	1550000
3	1550000	1600000
3	1600000	1650000
3	1650000	1700000
3	1700000	1750000
3	1750000	1800000
3	1800000	1850000
3	1850000	1900000
3	1900000	1950000
3	1950000	2000000
3	2000000	2050000
3	2050000	2100000
3	2100000	2150000
3	2150000	2200000
3	2200000	2250000
3	2250000	2300000
3	2300000	2350000
3	2350000	2400000
3	2400000	2450000
3	2450000	2500000
3	2500000	2550000
3	2550000	2600000
3	2600000	2650000
3	2650000	2700000
3	2700000	2750000
3	2750000	2800000
3	2800000	2850000
3	2850000	2900000
3	2900000	2950000
3	2950000	3000000
3	3000000	3050000
3	3050000	3100000
3	3100000	3150000
3	3150000	3200000
3	3200000	3250000
3	3250000	3300000
3	3300000	3350000
3	3350000	3400000
3	3400000	3450000
3	3450000	3500000
3	3500000	3550000
3	3550000	3600000
3	3600000	3650000
3	3650000	3700000
3	3700000	3750000
3	3750000	3800000
3	3800000	3850000
3	3850000	3900000
3	3900000	3950000
3	3950000	4000000
3	4000000	4050000
3	4050000	4100000
3	4100000	4150000
3	4150000	4200000
3	4200000	4250000
3	4250000	4300000
3	4300000	4350000
3	4350000	4400000
3	4400000	4450000
3	4450000	4500000
3	4500000	4550000
3	4550000	4600000
3	4600000	4650000
3	4650000	4700000
3	4700000	4750000
3	4750000	4800000
3	4800000	4850000
3	4850000	4900000
3	4900000	4950000
3	4950000	5000000
3	5000000	5050000
3	5050000	5100000
3	5100000	5150000
3	5150000	5200000
3	5200000	5250000
3	5250000	5300000
3	5300000	5350000
3	5350000	5400000
3	5400000	5450000
3	5450000	5500000
3	5500000	5550000
3	5550000	5600000
3	5600000	5650000
3	5650000	5700000
3	5700000	5750000
3	5750000	5800000
3	5800000	5850000
3	5850000	5900000
3	5900000	5950000
3	5950000	6000000
3	6000000	6050000
3	6050000	6100000
3	6100000	6150000
3	6150000	6200000
3	6200000	6250000
3	6250000	6300000
3	6300000	6350000
3	6350000	6400000
3	6400000	6450000
3	6450000	6500000
3	6500000	6550000
3	6550000	6600000
3	6600000	6650000
3	6650000	6700000
3	6700000	6750000
3	6750000	6800000
3	6800000	6850000
3	6850000	6900000
3	6900000	6950000
3	6950000	7000000
3	7000000	7050000
3	7050000	7100000
3	7100000	7150000
3	7150000	7200000
3	7200000	7250000
3	7250000	7300000
3	7300000	7350000
3	7350000	7400000
3	7400000	7450000
3	7450000	7500000
3	7500000	7550000
3	7550000	7600000
3	7600000	7650000
3	7650000	7700000
3	7700000	7750000
3	7750000	7800000
3	7800000	7850000
3	7850000	7900000
3	7900000	7950000
3	7950000	8000000
3	8000000	8050000
3	8050000	8100000
3	8100000	8150000
3	8150000	8200000
3	8200000	8250000
3	8250000	8300000
3	8300000	8350000
3	8350000	8400000
3	8400000	8450000
3	8450000	8500000
3	8500000	8550000
3	8550000	8600000
3	8600000	8650000
3	8650000	8700000
3	8700000	8750000
3	8750000	8800000
3	8800000	8850000
3	8850000	8900000
3	8900000	8950000
3	8950000	9000000
3	9000000	9050000
3	9050000	9100000
3	9100000	9150000
3	9150000	9200000
3	9200000	9250000
3	9250000	9300000
3	9300000	9350000
3	9350000	9400000
3	9400000	9450000
3	9450000	9500000
3	9500000	9550000
3	9550000	9600000
3	9600000	9650000
3	9650000	9700000
3	9700000	9750000
3	9750000	9800000
3	9800000	9850000
3	9850000	9900000
3	9900000	9950000
3	9950000	10000000
3	10000000	10050000
3	10050000	10100000
3	10100000	10150000
3	10150000	10200000
3	10200000	10250000
3	10250000	10300000
3	10300000	10350000
3	10350000	10400000
3	10400000	10450000
3	10450000	10500000
3	10500000	10550000
3	10550000	10600000
3	10600000	10650000
3	10650000	10700000
3	10700000	10750000
3	10750000	10800000
3	10800000	10850000
3	10850000	10900000
3	10900000	10950000
3	10950000	11000000
3	11000000	11050000
3	11050000	11100000
3	11100000	11150000
3	11150000	11200000
3	11200000	11250000
3	11250000	11300000
3	11300000	11350000
3	11350000	11400000
3	11400000	11450000
3	11450000	11500000
3	11500000	11550000
3	11550000	11600000
3	11600000	11650000
3	11650000	11700000
3	11700000	11750000
3	11750000	11800000
3	11800000	11850000
3	11850000	11900000
3	11900000	11950000
3	11950000	12000000
3	12000000	12050000
3	12050000	12100000
3	12100000	12150000
3	12150000	12200000
3	12200000	12250000
3	12250000	12300000
3	12300000	12350000
3	12350000	12400000
3	12400000	12450000
3	12450000	12500000
3	12500000	12550000
3	12550000	12600000
3	12600000	12650000
3	12650000	12700000
3	12700000	12750000
3	12750000	12800000
3	12800000	12850000
3	12850000	12900000
3	12900000	12950000
3	12950000	13000000
3	13000000	13050000
3	13050000	13100000
3	13100000	13150000
3	13150000	13200000
3	13200000	13250000
3	13250000	13300000
3	13300000	13350000
3	13350000	13400000
3	13400000	13450000
3	13450000	13500000
3	13500000	13550000
3	13550000	13600000
3	13600000	13650000
3	13650000	13700000
3	13700000	13750000
3	13750000	13800000
3	13800000	13850000
3	13850000	13900000
3	13900000	13950000
3	13950000	14000000
3	14000000	14050000
3	14050000	14100000
3	14100000	14150000
3	14150000	14200000
3	14200000	14250000
3	14250000	14300000
3	14300000	14350000
3	14350000	14400000
3	14400000	14450000
3	14450000	14500000
3	14500000	14550000
3	14550000	14600000
3	14600000	14650000
3	14650000	14700000
3	14700000	14750000
3	14750000	14800000
3	14800000	14850000
3	14850000	14900000
3	14900000	14950000
3	14950000	15000000
3	15000000	15050000
3	15050000	15100000
3	15100000	15150000
3	15150000	15200000
3	15200000	15250000
3	15250000	15300000
3	15300000	15350000
3	15350000	15400000
3	15400000	15450000
3	15450000	15500000
3	15500000	15550000
3	15550000	15600000
3	15600000	15650000
3	15650000	15700000
3	15700000	15750000
3	15750000	15800000
3	15800000	15850000
3	15850000	15900000
3	15900000	15950000
3	15950000	16000000
3	16000000	16050000
3	16050000	16100000
3	16100000	16150000
3	16150000	16200000
3	16200000	16250000
3	16250000	16300000
3	16300000	16350000
3	16350000	16400000
3	16400000	16450000
3	16450000	16500000
3	16500000	16550000
3	16550000	16600000
3	16600000	16650000
3	16650000	16700000
3	16700000	16750000
3	16750000	16800000
3	16800000	16850000
3	16850000	16900000
3	16900000	16950000
3	16950000	17000000
3	17000000	17050000
3	17050000	17100000
3	17100000	17150000
3	17150000	17200000
3	17200000	17250000
3	17250000	17300000
3	17300000	17350000
3	17350000	17400000
3	17400000	17450000
3	17450000	17500000
3	17500000	17550000
3	17550000	17600000
3	17600000	17650000
3	17650000	17700000
3	17700000	17750000
3	17750000	17800000
3	17800000	17850000
3	17850000	17900000
3	17900000	17950000
3	17950000	18000000
3	18000000	18050000
3	18050000	18100000
3	18100000	18150000
3	18150000	18200000
3	18200000	18250000
3	18250000	18300000
3	18300000	18350000
3	18350000	18400000
3	18400000	18450000
3	18450000	18500000
3	18500000	18550000
3	18550000	18600000
3	18600000	18650000
3	18650000	18700000
3	18700000	18750000
3	18750000	18800000
3	18800000	18850000
3	18850000	18900000
3	18900000	18950000
3	18950000	19000000
3	19000000	19050000
3	19050000	19100000
3	19100000	19150000
3	19150000	19200000
3	19200000	19250000
3	19250000	19300000
3	19300000	19350000
3	19350000	19400000
3	19400000	19450000
3	19450000	19500000
3	19500000	19550000
3	19550000	19600000
3	19600000	19650000
3	19650000	19700000
3	19700000	19750000
3	19750000	19800000
3	19800000	19850000
3	19850000	19900000
3	19900000	19950000
3	19950000	20000000
3	20000000	20050000
3	20050000	20100000
3	20100000	20150000
3	20150000	20200000
3	20200000	20250000
3	20250000	20300000
3	20300000	20350000
3	20350000	20400000
3	20400000	20450000
3	20450000	20500000
3	20500000	20550000
3	20550000	20600000
3	20600000	20650000
3	20650000	20700000
3	20700000	20750000
3	20750000	20800000
3	20800000	20850000
3	20850000	20900000
3	20900000	20950000
3	20950000	21000000
3	21000000	21050000
3	21050000	21100000
3	21100000	21150000
3	21150000	21200000
3	21200000	21250000
3	21250000	21300000
3	21300000	21350000
3	21350000	21400000
3	21400000	21450000
3	21450000	21500000
3	21500000	21550000
3	21550000	21600000
3	21600000	21650000
3	21650000	21700000
3	21700000	21750000
3	21750000	21800000
3	21800000	21850000
3	21850000	21900000
3	21900000	21950000
3	21950000	22000000
3	22000000	22050000
3	22050000	22100000
3	22100000	22150000
3	22150000	22200000
3	22200000	22250000
3	22250000	22300000
3	22300000	22350000
3	22350000	22400000
3	22400000	22450000
3	22450000	22500000
3	22500000	22550000
3	22550000	22600000
3	22600000	22650000
3	22650000	22700000
3	22700000	22750000
3	22750000	22800000
3	22800000	22850000
3	22850000	22900000
3	22900000	22950000
3	22950000	23000000
3	23000000	23050000
3	23050000	23100000
3	23100000	23150000
3	23150000	23200000
3	23200000	23250000
3	23250000	23300000
3	23300000	23350000
3	23350000	23400000
3	23400000	23450000
3	23450000	23459830
4	0	50000
4	50000	100000
4	100000	150000
4	150000	200000
4	200000	250000
4	250000	300000
4	300000	350000
4	350000	400000
4	400000	450000
4	450000	500000
4	500000	550000
4	550000	600000
4	600000	650000
4	650000	700000
4	700000	750000
4	750000	800000
4	800000	850000
4	850000	900000
4	900000	950000
4	950000	1000000
4	1000000	1050000
4	1050000	1100000
4	1100000	1150000
4	1150000	1200000
4	1200000	1250000
4	1250000	1300000
4	1300000	1350000
4	1350000	1400000
4	1400000	1450000
4	1450000	1500000
4	1500000	1550000
4	1550000	1600000
4	1600000	1650000
4	1650000	1700000
4	1700000	1750000
4	1750000	1800000
4	1800000	1850000
4	1850000	1900000
4	1900000	1950000
4	1950000	2000000
4	2000000	2050000
4	2050000	2100000
4	2100000	2150000
4	2150000	2200000
4	2200000	2250000
4	2250000	2300000
4	2300000	2350000
4	2350000	2400000
4	2400000	2450000
4	2450000	2500000
4	2500000	2550000
4	2550000	2600000
4	2600000	2650000
4	2650000	2700000
4	2700000	2750000
4	2750000	2800000
4	2800000	2850000
4	2850000	2900000
4	2900000	2950000
4	2950000	3000000
4	3000000	3050000
4	3050000	3100000
4	3100000	3150000
4	3150000	3200000
4	3200000	3250000
4	3250000	3300000
4	3300000	3350000
4	3350000	3400000
4	3400000	3450000
4	3450000	3500000
4	3500000	3550000
4	3550000	3600000
4	3600000	3650000
4	3650000	3700000
4	3700000	3750000
4	3750000	3800000
4	3800000	3850000
4	3850000	3900000
4	3900000	3950000
4	3950000	4000000
4	4000000	4050000
4	4050000	4100000
4	4100000	4150000
4	4150000	4200000
4	4200000	4250000
4	4250000	4300000
4	4300000	4350000
4	4350000	4400000
4	4400000	4450000
4	4450000	4500000
4	4500000	4550000
4	4550000	4600000
4	4600000	4650000
4	4650000	4700000
4	4700000	4750000
4	4750000	4800000
4	4800000	4850000
4	4850000	4900000
4	4900000	4950000
4	4950000	5000000
4	5000000	5050000
4	5050000	5100000
4	5100000	5150000
4	5150000	5200000
4	5200000	5250000
4	5250000	5300000
4	5300000	5350000
4	5350000	5400000
4	5400000	5450000
4	5450000	5500000
4	5500000	5550000
4	5550000	5600000
4	5600000	5650000
4	5650000	5700000
4	5700000	5750000
4	5750000	5800000
4	5800000	5850000
4	5850000	5900000
4	5900000	5950000
4	5950000	6000000
4	6000000	6050000
4	6050000	6100000
4	6100000	6150000
4	6150000	6200000
4	6200000	6250000
4	6250000	6300000
4	6300000	6350000
4	6350000	6400000
4	6400000	6450000
4	6450000	6500000
4	6500000	6550000
4	6550000	6600000
4	6600000	6650000
4	6650000	6700000
4	6700000	6750000
4	6750000	6800000
4	6800000	6850000
4	6850000	6900000
4	6900000	6950000
4	6950000	7000000
4	7000000	7050000
4	7050000	7100000
4	7100000	7150000
4	7150000	7200000
4	7200000	7250000
4	7250000	7300000
4	7300000	7350000
4	7350000	7400000
4	7400000	7450000
4	7450000	7500000
4	7500000	7550000
4	7550000	7600000
4	7600000	7650000
4	7650000	7700000
4	7700000	7750000
4	7750000	7800000
4	7800000	7850000
4	7850000	7900000
4	7900000	7950000
4	7950000	8000000
4	8000000	8050000
4	8050000	8100000
4	8100000	8150000
4	8150000	8200000
4	8200000	8250000
4	8250000	8300000
4	8300000	8350000
4	8350000	8400000
4	8400000	8450000
4	8450000	8500000
4	8500000	8550000
4	8550000	8600000
4	8600000	8650000
4	8650000	8700000
4	8700000	8750000
4	8750000	8800000
4	8800000	8850000
4	8850000	8900000
4	8900000	8950000
4	8950000	9000000
4	9000000	9050000
4	9050000	9100000
4	9100000	9150000
4	9150000	9200000
4	9200000	9250000
4	9250000	9300000
4	9300000	9350000
4	9350000	9400000
4	9400000	9450000
4	9450000	9500000
4	9500000	9550000
4	9550000	9600000
4	9600000	9650000
4	9650000	9700000
4	9700000	9750000
4	9750000	9800000
4	9800000	9850000
4	9850000	9900000
4	9900000	9950000
4	9950000	10000000
4	10000000	10050000
4	10050000	10100000
4	10100000	10150000
4	10150000	10200000
4	10200000	10250000
4	10250000	10300000
4	10300000	10350000
4	10350000	10400000
4	10400000	10450000
4	10450000	10500000
4	10500000	10550000
4	10550000	10600000
4	10600000	10650000
4	10650000	10700000
4	10700000	10750000
4	10750000	10800000
4	10800000	10850000
4	10850000	10900000
4	10900000	10950000
4	10950000	11000000
4	11000000	11050000
4	11050000	11100000
4	11100000	11150000
4	11150000	11200000
4	11200000	11250000
4	11250000	11300000
4	11300000	11350000
4	11350000	11400000
4	11400000	11450000
4	11450000	11500000
4	11500000	11550000
4	11550000	11600000
4	11600000	11650000
4	11650000	11700000
4	11700000	11750000
4	11750000	11800000
4	11800000	11850000
4	11850000	11900000
4	11900000	11950000
4	11950000	12000000
4	12000000	12050000
4	12050000	12100000
4	12100000	12150000
4	12150000	12200000
4	12200000	12250000
4	12250000	12300000
4	12300000	12350000
4	12350000	12400000
4	12400000	12450000
4	12450000	12500000
4	12500000	12550000
4	12550000	12600000
4	12600000	12650000
4	12650000	12700000
4	12700000	12750000
4	12750000	12800000
4	12800000	12850000
4	12850000	12900000
4	12900000	12950000
4	12950000	13000000
4	13000000	13050000
4	13050000	13100000
4	13100000	13150000
4	13150000	13200000
4	13200000	13250000
4	13250000	13300000
4	13300000	13350000
4	13350000	13400000
4	13400000	13450000
4	13450000	13500000
4	13500000	13550000
4	13550000	13600000
4	13600000	13650000
4	13650000	13700000
4	13700000	13750000
4	13750000	13800000
4	13800000	13850000
4	13850000	13900000
4	13900000	13950000
4	13950000	14000000
4	14000000	14050000
4	14050000	14100000
4	14100000	14150000
4	14150000	14200000
4	14200000	14250000
4	14250000	14300000
4	14300000	14350000
4	14350000	14400000
4	14400000	14450000
4	14450000	14500000
4	14500000	14550000
4	14550000	14600000
4	14600000	14650000
4	14650000	14700000
4	14700000	14750000
4	14750000	14800000
4	14800000	14850000
4	14850000	14900000
4	14900000	14950000
4	14950000	15000000
4	15000000	15050000
4	15050000	15100000
4	15100000	15150000
4	15150000	15200000
4	15200000	15250000
4	15250000	15300000
4	15300000	15350000
4	15350000	15400000
4	15400000	15450000
4	15450000	15500000
4	15500000	15550000
4	15550000	15600000
4	15600000	15650000
4	15650000	15700000
4	15700000	15750000
4	15750000	15800000
4	15800000	15850000
4	15850000	15900000
4	15900000	15950000
4	15950000	16000000
4	16000000	16050000
4	16050000	16100000
4	16100000	16150000
4	16150000	16200000
4	16200000	16250000
4	16250000	16300000
4	16300000	16350000
4	16350000	16400000
4	16400000	16450000
4	16450000	16500000
4	16500000	16550000
4	16550000	16600000
4	16600000	16650000
4	16650000	16700000
4	16700000	16750000
4	16750000	16800000
4	16800000	16850000
4	16850000	16900000
4	16900000	16950000
4	16950000	17000000
4	17000000	17050000
4	17050000	17100000
4	17100000	17150000
4	17150000	17200000
4	17200000	17250000
4	17250000	17300000
4	17300000	17350000
4	17350000	17400000
4	17400000	17450000
4	17450000	17500000
4	17500000	17550000
4	17550000	17600000
4	17600000	17650000
4	17650000	17700000
4	17700000	17750000
4	17750000	17800000
4	17800000	17850000
4	17850000	17900000
4	17900000	17950000
4	17950000	18000000
4	18000000	18050000
4	18050000	18100000
4	18100000	18150000
4	18150000	18200000
4	18200000	18250000
4	18250000	18300000
4	18300000	18350000
4	18350000	18400000
4	18400000	18450000
4	18450000	18500000
4	18500000	18550000
4	18550000	18585056
5	0	50000
5	50000	100000
5	100000	150000
5	150000	200000
5	200000	250000
5	250000	300000
5	300000	350000
5	350000	400000
5	400000	450000
5	450000	500000
5	500000	550000
5	550000	600000
5	600000	650000
5	650000	700000
5	700000	750000
5	750000	800000
5	800000	850000
5	850000	900000
5	900000	950000
5	950000	1000000
5	1000000	1050000
5	1050000	1100000
5	1100000	1150000
5	1150000	1200000
5	1200000	1250000
5	1250000	1300000
5	1300000	1350000
5	1350000	1400000
5	1400000	1450000
5	1450000	1500000
5	1500000	1550000
5	1550000	1600000
5	1600000	1650000
5	1650000	1700000
5	1700000	1750000
5	1750000	1800000
5	1800000	1850000
5	1850000	1900000
5	1900000	1950000
5	1950000	2000000
5	2000000	2050000
5	2050000	2100000
5	2100000	2150000
5	2150000	2200000
5	2200000	2250000
5	2250000	2300000
5	2300000	2350000
5	2350000	2400000
5	2400000	2450000
5	2450000	2500000
5	2500000	2550000
5	2550000	2600000
5	2600000	2650000
5	2650000	2700000
5	2700000	2750000
5	2750000	2800000
5	2800000	2850000
5	2850000	2900000
5	2900000	2950000
5	2950000	3000000
5	3000000	3050000
5	3050000	3100000
5	3100000	3150000
5	3150000	3200000
5	3200000	3250000
5	3250000	3300000
5	3300000	3350000
5	3350000	3400000
5	3400000	3450000
5	3450000	3500000
5	3500000	3550000
5	3550000	3600000
5	3600000	3650000
5	3650000	3700000
5	3700000	3750000
5	3750000	3800000
5	3800000	3850000
5	3850000	3900000
5	3900000	3950000
5	3950000	4000000
5	4000000	4050000
5	4050000	4100000
5	4100000	4150000
5	4150000	4200000
5	4200000	4250000
5	4250000	4300000
5	4300000	4350000
5	4350000	4400000
5	4400000	4450000
5	4450000	4500000
5	4500000	4550000
5	4550000	4600000
5	4600000	4650000
5	4650000	4700000
5	4700000	4750000
5	4750000	4800000
5	4800000	4850000
5	4850000	4900000
5	4900000	4950000
5	4950000	5000000
5	5000000	5050000
5	5050000	5100000
5	5100000	5150000
5	5150000	5200000
5	5200000	5250000
5	5250000	5300000
5	5300000	5350000
5	5350000	5400000
5	5400000	5450000
5	5450000	5500000
5	5500000	5550000
5	5550000	5600000
5	5600000	5650000
5	5650000	5700000
5	5700000	5750000
5	5750000	5800000
5	5800000	5850000
5	5850000	5900000
5	5900000	5950000
5	5950000	6000000
5	6000000	6050000
5	6050000	6100000
5	6100000	6150000
5	6150000	6200000
5	6200000	6250000
5	6250000	6300000
5	6300000	6350000
5	6350000	6400000
5	6400000	6450000
5	6450000	6500000
5	6500000	6550000
5	6550000	6600000
5	6600000	6650000
5	6650000	6700000
5	6700000	6750000
5	6750000	6800000
5	6800000	6850000
5	6850000	6900000
5	6900000	6950000
5	6950000	7000000
5	7000000	7050000
5	7050000	7100000
5	7100000	7150000
5	7150000	7200000
5	7200000	7250000
5	7250000	7300000
5	7300000	7350000
5	7350000	7400000
5	7400000	7450000
5	7450000	7500000
5	7500000	7550000
5	7550000	7600000
5	7600000	7650000
5	7650000	7700000
5	7700000	7750000
5	7750000	7800000
5	7800000	7850000
5	7850000	7900000
5	7900000	7950000
5	7950000	8000000
5	8000000	8050000
5	8050000	8100000
5	8100000	8150000
5	8150000	8200000
5	8200000	8250000
5	8250000	8300000
5	8300000	8350000
5	8350000	8400000
5	8400000	8450000
5	8450000	8500000
5	8500000	8550000
5	8550000	8600000
5	8600000	8650000
5	8650000	8700000
5	8700000	8750000
5	8750000	8800000
5	8800000	8850000
5	8850000	8900000
5	8900000	8950000
5	8950000	9000000
5	9000000	9050000
5	9050000	9100000
5	9100000	9150000
5	9150000	9200000
5	9200000	9250000
5	9250000	9300000
5	9300000	9350000
5	9350000	9400000
5	9400000	9450000
5	9450000	9500000
5	9500000	9550000
5	9550000	9600000
5	9600000	9650000
5	9650000	9700000
5	9700000	9750000
5	9750000	9800000
5	9800000	9850000
5	9850000	9900000
5	9900000	9950000
5	9950000	10000000
5	10000000	10050000
5	10050000	10100000
5	10100000	10150000
5	10150000	10200000
5	10200000	10250000
5	10250000	10300000
5	10300000	10350000
5	10350000	10400000
5	10400000	10450000
5	10450000	10500000
5	10500000	10550000
5	10550000	10600000
5	10600000	10650000
5	10650000	10700000
5	10700000	10750000
5	10750000	10800000
5	10800000	10850000
5	10850000	10900000
5	10900000	10950000
5	10950000	11000000
5	11000000	11050000
5	11050000	11100000
5	11100000	11150000
5	11150000	11200000
5	11200000	11250000
5	11250000	11300000
5	11300000	11350000
5	11350000	11400000
5	11400000	11450000
5	11450000	11500000
5	11500000	11550000
5	11550000	11600000
5	11600000	11650000
5	11650000	11700000
5	11700000	11750000
5	11750000	11800000
5	11800000	11850000
5	11850000	11900000
5	11900000	11950000
5	11950000	12000000
5	12000000	12050000
5	12050000	12100000
5	12100000	12150000
5	12150000	12200000
5	12200000	12250000
5	12250000	12300000
5	12300000	12350000
5	12350000	12400000
5	12400000	12450000
5	12450000	12500000
5	12500000	12550000
5	12550000	12600000
5	12600000	12650000
5	12650000	12700000
5	12700000	12750000
5	12750000	12800000
5	12800000	12850000
5	12850000	12900000
5	12900000	12950000
5	12950000	13000000
5	13000000	13050000
5	13050000	13100000
5	13100000	13150000
5	13150000	13200000
5	13200000	13250000
5	13250000	13300000
5	13300000	13350000
5	13350000	13400000
5	13400000	13450000
5	13450000	13500000
5	13500000	13550000
5	13550000	13600000
5	13600000	13650000
5	13650000	13700000
5	13700000	13750000
5	13750000	13800000
5	13800000	13850000
5	13850000	13900000
5	13900000	13950000
5	13950000	14000000
5	14000000	14050000
5	14050000	14100000
5	14100000	14150000
5	14150000	14200000
5	14200000	14250000
5	14250000	14300000
5	14300000	14350000
5	14350000	14400000
5	14400000	14450000
5	14450000	14500000
5	14500000	14550000
5	14550000	14600000
5	14600000	14650000
5	14650000	14700000
5	14700000	14750000
5	14750000	14800000
5	14800000	14850000
5	14850000	14900000
5	14900000	14950000
5	14950000	15000000
5	15000000	15050000
5	15050000	15100000
5	15100000	15150000
5	15150000	15200000
5	15200000	15250000
5	15250000	15300000
5	15300000	15350000
5	15350000	15400000
5	15400000	15450000
5	15450000	15500000
5	15500000	15550000
5	15550000	15600000
5	15600000	15650000
5	15650000	15700000
5	15700000	15750000
5	15750000	15800000
5	15800000	15850000
5	15850000	15900000
5	15900000	15950000
5	15950000	16000000
5	16000000	16050000
5	16050000	16100000
5	16100000	16150000
5	16150000	16200000
5	16200000	16250000
5	16250000	16300000
5	16300000	16350000
5	16350000	16400000
5	16400000	16450000
5	16450000	16500000
5	16500000	16550000
5	16550000	16600000
5	16600000	16650000
5	16650000	16700000
5	16700000	16750000
5	16750000	16800000
5	16800000	16850000
5	16850000	16900000
5	16900000	16950000
5	16950000	17000000
5	17000000	17050000
5	17050000	17100000
5	17100000	17150000
5	17150000	17200000
5	17200000	17250000
5	17250000	17300000
5	17300000	17350000
5	17350000	17400000
5	17400000	17450000
5	17450000	17500000
5	17500000	17550000
5	17550000	17600000
5	17600000	17650000
5	17650000	17700000
5	17700000	17750000
5	17750000	17800000
5	17800000	17850000
5	17850000	17900000
5	17900000	17950000
5	17950000	18000000
5	18000000	18050000
5	18050000	18100000
5	18100000	18150000
5	18150000	18200000
5	18200000	18250000
5	18250000	18300000
5	18300000	18350000
5	18350000	18400000
5	18400000	18450000
5	18450000	18500000
5	18500000	18550000
5	18550000	18600000
5	18600000	18650000
5	18650000	18700000
5	18700000	18750000
5	18750000	18800000
5	18800000	18850000
5	18850000	18900000
5	18900000	18950000
5	18950000	19000000
5	19000000	19050000
5	19050000	19100000
5	19100000	19150000
5	19150000	19200000
5	19200000	19250000
5	19250000	19300000
5	19300000	19350000
5	19350000	19400000
5	19400000	19450000
5	19450000	19500000
5	19500000	19550000
5	19550000	19600000
5	19600000	19650000
5	19650000	19700000
5	19700000	19750000
5	19750000	19800000
5	19800000	19850000
5	19850000	19900000
5	19900000	19950000
5	19950000	20000000
5	20000000	20050000
5	20050000	20100000
5	20100000	20150000
5	20150000	20200000
5	20200000	20250000
5	20250000	20300000
5	20300000	20350000
5	20350000	20400000
5	20400000	20450000
5	20450000	20500000
5	20500000	20550000
5	20550000	20600000
5	20600000	20650000
5	20650000	20700000
5	20700000	20750000
5	20750000	20800000
5	20800000	20850000
5	20850000	20900000
5	20900000	20950000
5	20950000	21000000
5	21000000	21050000
5	21050000	21100000
5	21100000	21150000
5	21150000	21200000
5	21200000	21250000
5	21250000	21300000
5	21300000	21350000
5	21350000	21400000
5	21400000	21450000
5	21450000	21500000
5	21500000	21550000
5	21550000	21600000
5	21600000	21650000
5	21650000	21700000
5	21700000	21750000
5	21750000	21800000
5	21800000	21850000
5	21850000	21900000
5	21900000	21950000
5	21950000	22000000
5	22000000	22050000
5	22050000	22100000
5	22100000	22150000
5	22150000	22200000
5	22200000	22250000
5	22250000	22300000
5	22300000	22350000
5	22350000	22400000
5	22400000	22450000
5	22450000	22500000
5	22500000	22550000
5	22550000	22600000
5	22600000	22650000
5	22650000	22700000
5	22700000	22750000
5	22750000	22800000
5	22800000	22850000
5	22850000	22900000
5	22900000	22950000
5	22950000	23000000
5	23000000	23050000
5	23050000	23100000
5	23100000	23150000
5	23150000	23200000
5	23200000	23250000
5	23250000	23300000
5	23300000	23350000
5	23350000	23400000
5	23400000	23450000
5	23450000	23500000
5	23500000	23550000
5	23550000	23600000
5	23600000	23650000
5	23650000	23700000
5	23700000	23750000
5	23750000	23800000
5	23800000	23850000
5	23850000	23900000
5	23900000	23950000
5	23950000	24000000
5	24000000	24050000
5	24050000	24100000
5	24100000	24150000
5	24150000	24200000
5	24200000	24250000
5	24250000	24300000
5	24300000	24350000
5	24350000	24400000
5	24400000	24450000
5	24450000	24500000
5	24500000	24550000
5	24550000	24600000
5	24600000	24650000
5	24650000	24700000
5	24700000	24750000
5	24750000	24800000
5	24800000	24850000
5	24850000	24900000
5	24900000	24950000
5	24950000	25000000
5	25000000	25050000
5	25050000	25100000
5	25100000	25150000
5	25150000	25200000
5	25200000	25250000
5	25250000	25300000
5	25300000	25350000
5	25350000	25400000
5	25400000	25450000
5	25450000	25500000
5	25500000	25550000
5	25550000	25600000
5	25600000	25650000
5	25650000	25700000
5	25700000	25750000
5	25750000	25800000
5	25800000	25850000
5	25850000	25900000
5	25900000	25950000
5	25950000	26000000
5	26000000	26050000
5	26050000	26100000
5	26100000	26150000
5	26150000	26200000
5	26200000	26250000
5	26250000	26300000
5	26300000	26350000
5	26350000	26400000
5	26400000	26450000
5	26450000	26500000
5	26500000	26550000
5	26550000	26600000
5	26600000	26650000
5	26650000	26700000
5	26700000	26750000
5	26750000	26800000
5	26800000	26850000
5	26850000	26900000
5	26900000	26950000
5	26950000	26975502
