1	0	100000
1	100000	200000
1	200000	300000
1	300000	400000
1	400000	500000
1	500000	600000
1	600000	700000
1	700000	800000
1	800000	900000
1	900000	1000000
1	1000000	1100000
1	1100000	1200000
1	1200000	1300000
1	1300000	1400000
1	1400000	1500000
1	1500000	1600000
1	1600000	1700000
1	1700000	1800000
1	1800000	1900000
1	1900000	2000000
1	2000000	2100000
1	2100000	2200000
1	2200000	2300000
1	2300000	2400000
1	2400000	2500000
1	2500000	2600000
1	2600000	2700000
1	2700000	2800000
1	2800000	2900000
1	2900000	3000000
1	3000000	3100000
1	3100000	3200000
1	3200000	3300000
1	3300000	3400000
1	3400000	3500000
1	3500000	3600000
1	3600000	3700000
1	3700000	3800000
1	3800000	3900000
1	3900000	4000000
1	4000000	4100000
1	4100000	4200000
1	4200000	4300000
1	4300000	4400000
1	4400000	4500000
1	4500000	4600000
1	4600000	4700000
1	4700000	4800000
1	4800000	4900000
1	4900000	5000000
1	5000000	5100000
1	5100000	5200000
1	5200000	5300000
1	5300000	5400000
1	5400000	5500000
1	5500000	5600000
1	5600000	5700000
1	5700000	5800000
1	5800000	5900000
1	5900000	6000000
1	6000000	6100000
1	6100000	6200000
1	6200000	6300000
1	6300000	6400000
1	6400000	6500000
1	6500000	6600000
1	6600000	6700000
1	6700000	6800000
1	6800000	6900000
1	6900000	7000000
1	7000000	7100000
1	7100000	7200000
1	7200000	7300000
1	7300000	7400000
1	7400000	7500000
1	7500000	7600000
1	7600000	7700000
1	7700000	7800000
1	7800000	7900000
1	7900000	8000000
1	8000000	8100000
1	8100000	8200000
1	8200000	8300000
1	8300000	8400000
1	8400000	8500000
1	8500000	8600000
1	8600000	8700000
1	8700000	8800000
1	8800000	8900000
1	8900000	9000000
1	9000000	9100000
1	9100000	9200000
1	9200000	9300000
1	9300000	9400000
1	9400000	9500000
1	9500000	9600000
1	9600000	9700000
1	9700000	9800000
1	9800000	9900000
1	9900000	10000000
1	10000000	10100000
1	10100000	10200000
1	10200000	10300000
1	10300000	10400000
1	10400000	10500000
1	10500000	10600000
1	10600000	10700000
1	10700000	10800000
1	10800000	10900000
1	10900000	11000000
1	11000000	11100000
1	11100000	11200000
1	11200000	11300000
1	11300000	11400000
1	11400000	11500000
1	11500000	11600000
1	11600000	11700000
1	11700000	11800000
1	11800000	11900000
1	11900000	12000000
1	12000000	12100000
1	12100000	12200000
1	12200000	12300000
1	12300000	12400000
1	12400000	12500000
1	12500000	12600000
1	12600000	12700000
1	12700000	12800000
1	12800000	12900000
1	12900000	13000000
1	13000000	13100000
1	13100000	13200000
1	13200000	13300000
1	13300000	13400000
1	13400000	13500000
1	13500000	13600000
1	13600000	13700000
1	13700000	13800000
1	13800000	13900000
1	13900000	14000000
1	14000000	14100000
1	14100000	14200000
1	14200000	14300000
1	14300000	14400000
1	14400000	14500000
1	14500000	14600000
1	14600000	14700000
1	14700000	14800000
1	14800000	14900000
1	14900000	15000000
1	15000000	15100000
1	15100000	15200000
1	15200000	15300000
1	15300000	15400000
1	15400000	15500000
1	15500000	15600000
1	15600000	15700000
1	15700000	15800000
1	15800000	15900000
1	15900000	16000000
1	16000000	16100000
1	16100000	16200000
1	16200000	16300000
1	16300000	16400000
1	16400000	16500000
1	16500000	16600000
1	16600000	16700000
1	16700000	16800000
1	16800000	16900000
1	16900000	17000000
1	17000000	17100000
1	17100000	17200000
1	17200000	17300000
1	17300000	17400000
1	17400000	17500000
1	17500000	17600000
1	17600000	17700000
1	17700000	17800000
1	17800000	17900000
1	17900000	18000000
1	18000000	18100000
1	18100000	18200000
1	18200000	18300000
1	18300000	18400000
1	18400000	18500000
1	18500000	18600000
1	18600000	18700000
1	18700000	18800000
1	18800000	18900000
1	18900000	19000000
1	19000000	19100000
1	19100000	19200000
1	19200000	19300000
1	19300000	19400000
1	19400000	19500000
1	19500000	19600000
1	19600000	19700000
1	19700000	19800000
1	19800000	19900000
1	19900000	20000000
1	20000000	20100000
1	20100000	20200000
1	20200000	20300000
1	20300000	20400000
1	20400000	20500000
1	20500000	20600000
1	20600000	20700000
1	20700000	20800000
1	20800000	20900000
1	20900000	21000000
1	21000000	21100000
1	21100000	21200000
1	21200000	21300000
1	21300000	21400000
1	21400000	21500000
1	21500000	21600000
1	21600000	21700000
1	21700000	21800000
1	21800000	21900000
1	21900000	22000000
1	22000000	22100000
1	22100000	22200000
1	22200000	22300000
1	22300000	22400000
1	22400000	22500000
1	22500000	22600000
1	22600000	22700000
1	22700000	22800000
1	22800000	22900000
1	22900000	23000000
1	23000000	23100000
1	23100000	23200000
1	23200000	23300000
1	23300000	23400000
1	23400000	23500000
1	23500000	23600000
1	23600000	23700000
1	23700000	23800000
1	23800000	23900000
1	23900000	24000000
1	24000000	24100000
1	24100000	24200000
1	24200000	24300000
1	24300000	24400000
1	24400000	24500000
1	24500000	24600000
1	24600000	24700000
1	24700000	24800000
1	24800000	24900000
1	24900000	25000000
1	25000000	25100000
1	25100000	25200000
1	25200000	25300000
1	25300000	25400000
1	25400000	25500000
1	25500000	25600000
1	25600000	25700000
1	25700000	25800000
1	25800000	25900000
1	25900000	26000000
1	26000000	26100000
1	26100000	26200000
1	26200000	26300000
1	26300000	26400000
1	26400000	26500000
1	26500000	26600000
1	26600000	26700000
1	26700000	26800000
1	26800000	26900000
1	26900000	27000000
1	27000000	27100000
1	27100000	27200000
1	27200000	27300000
1	27300000	27400000
1	27400000	27500000
1	27500000	27600000
1	27600000	27700000
1	27700000	27800000
1	27800000	27900000
1	27900000	28000000
1	28000000	28100000
1	28100000	28200000
1	28200000	28300000
1	28300000	28400000
1	28400000	28500000
1	28500000	28600000
1	28600000	28700000
1	28700000	28800000
1	28800000	28900000
1	28900000	29000000
1	29000000	29100000
1	29100000	29200000
1	29200000	29300000
1	29300000	29400000
1	29400000	29500000
1	29500000	29600000
1	29600000	29700000
1	29700000	29800000
1	29800000	29900000
1	29900000	30000000
1	30000000	30100000
1	30100000	30200000
1	30200000	30300000
1	30300000	30400000
1	30400000	30427671
2	0	100000
2	100000	200000
2	200000	300000
2	300000	400000
2	400000	500000
2	500000	600000
2	600000	700000
2	700000	800000
2	800000	900000
2	900000	1000000
2	1000000	1100000
2	1100000	1200000
2	1200000	1300000
2	1300000	1400000
2	1400000	1500000
2	1500000	1600000
2	1600000	1700000
2	1700000	1800000
2	1800000	1900000
2	1900000	2000000
2	2000000	2100000
2	2100000	2200000
2	2200000	2300000
2	2300000	2400000
2	2400000	2500000
2	2500000	2600000
2	2600000	2700000
2	2700000	2800000
2	2800000	2900000
2	2900000	3000000
2	3000000	3100000
2	3100000	3200000
2	3200000	3300000
2	3300000	3400000
2	3400000	3500000
2	3500000	3600000
2	3600000	3700000
2	3700000	3800000
2	3800000	3900000
2	3900000	4000000
2	4000000	4100000
2	4100000	4200000
2	4200000	4300000
2	4300000	4400000
2	4400000	4500000
2	4500000	4600000
2	4600000	4700000
2	4700000	4800000
2	4800000	4900000
2	4900000	5000000
2	5000000	5100000
2	5100000	5200000
2	5200000	5300000
2	5300000	5400000
2	5400000	5500000
2	5500000	5600000
2	5600000	5700000
2	5700000	5800000
2	5800000	5900000
2	5900000	6000000
2	6000000	6100000
2	6100000	6200000
2	6200000	6300000
2	6300000	6400000
2	6400000	6500000
2	6500000	6600000
2	6600000	6700000
2	6700000	6800000
2	6800000	6900000
2	6900000	7000000
2	7000000	7100000
2	7100000	7200000
2	7200000	7300000
2	7300000	7400000
2	7400000	7500000
2	7500000	7600000
2	7600000	7700000
2	7700000	7800000
2	7800000	7900000
2	7900000	8000000
2	8000000	8100000
2	8100000	8200000
2	8200000	8300000
2	8300000	8400000
2	8400000	8500000
2	8500000	8600000
2	8600000	8700000
2	8700000	8800000
2	8800000	8900000
2	8900000	9000000
2	9000000	9100000
2	9100000	9200000
2	9200000	9300000
2	9300000	9400000
2	9400000	9500000
2	9500000	9600000
2	9600000	9700000
2	9700000	9800000
2	9800000	9900000
2	9900000	10000000
2	10000000	10100000
2	10100000	10200000
2	10200000	10300000
2	10300000	10400000
2	10400000	10500000
2	10500000	10600000
2	10600000	10700000
2	10700000	10800000
2	10800000	10900000
2	10900000	11000000
2	11000000	11100000
2	11100000	11200000
2	11200000	11300000
2	11300000	11400000
2	11400000	11500000
2	11500000	11600000
2	11600000	11700000
2	11700000	11800000
2	11800000	11900000
2	11900000	12000000
2	12000000	12100000
2	12100000	12200000
2	12200000	12300000
2	12300000	12400000
2	12400000	12500000
2	12500000	12600000
2	12600000	12700000
2	12700000	12800000
2	12800000	12900000
2	12900000	13000000
2	13000000	13100000
2	13100000	13200000
2	13200000	13300000
2	13300000	13400000
2	13400000	13500000
2	13500000	13600000
2	13600000	13700000
2	13700000	13800000
2	13800000	13900000
2	13900000	14000000
2	14000000	14100000
2	14100000	14200000
2	14200000	14300000
2	14300000	14400000
2	14400000	14500000
2	14500000	14600000
2	14600000	14700000
2	14700000	14800000
2	14800000	14900000
2	14900000	15000000
2	15000000	15100000
2	15100000	15200000
2	15200000	15300000
2	15300000	15400000
2	15400000	15500000
2	15500000	15600000
2	15600000	15700000
2	15700000	15800000
2	15800000	15900000
2	15900000	16000000
2	16000000	16100000
2	16100000	16200000
2	16200000	16300000
2	16300000	16400000
2	16400000	16500000
2	16500000	16600000
2	16600000	16700000
2	16700000	16800000
2	16800000	16900000
2	16900000	17000000
2	17000000	17100000
2	17100000	17200000
2	17200000	17300000
2	17300000	17400000
2	17400000	17500000
2	17500000	17600000
2	17600000	17700000
2	17700000	17800000
2	17800000	17900000
2	17900000	18000000
2	18000000	18100000
2	18100000	18200000
2	18200000	18300000
2	18300000	18400000
2	18400000	18500000
2	18500000	18600000
2	18600000	18700000
2	18700000	18800000
2	18800000	18900000
2	18900000	19000000
2	19000000	19100000
2	19100000	19200000
2	19200000	19300000
2	19300000	19400000
2	19400000	19500000
2	19500000	19600000
2	19600000	19698289
3	0	100000
3	100000	200000
3	200000	300000
3	300000	400000
3	400000	500000
3	500000	600000
3	600000	700000
3	700000	800000
3	800000	900000
3	900000	1000000
3	1000000	1100000
3	1100000	1200000
3	1200000	1300000
3	1300000	1400000
3	1400000	1500000
3	1500000	1600000
3	1600000	1700000
3	1700000	1800000
3	1800000	1900000
3	1900000	2000000
3	2000000	2100000
3	2100000	2200000
3	2200000	2300000
3	2300000	2400000
3	2400000	2500000
3	2500000	2600000
3	2600000	2700000
3	2700000	2800000
3	2800000	2900000
3	2900000	3000000
3	3000000	3100000
3	3100000	3200000
3	3200000	3300000
3	3300000	3400000
3	3400000	3500000
3	3500000	3600000
3	3600000	3700000
3	3700000	3800000
3	3800000	3900000
3	3900000	4000000
3	4000000	4100000
3	4100000	4200000
3	4200000	4300000
3	4300000	4400000
3	4400000	4500000
3	4500000	4600000
3	4600000	4700000
3	4700000	4800000
3	4800000	4900000
3	4900000	5000000
3	5000000	5100000
3	5100000	5200000
3	5200000	5300000
3	5300000	5400000
3	5400000	5500000
3	5500000	5600000
3	5600000	5700000
3	5700000	5800000
3	5800000	5900000
3	5900000	6000000
3	6000000	6100000
3	6100000	6200000
3	6200000	6300000
3	6300000	6400000
3	6400000	6500000
3	6500000	6600000
3	6600000	6700000
3	6700000	6800000
3	6800000	6900000
3	6900000	7000000
3	7000000	7100000
3	7100000	7200000
3	7200000	7300000
3	7300000	7400000
3	7400000	7500000
3	7500000	7600000
3	7600000	7700000
3	7700000	7800000
3	7800000	7900000
3	7900000	8000000
3	8000000	8100000
3	8100000	8200000
3	8200000	8300000
3	8300000	8400000
3	8400000	8500000
3	8500000	8600000
3	8600000	8700000
3	8700000	8800000
3	8800000	8900000
3	8900000	9000000
3	9000000	9100000
3	9100000	9200000
3	9200000	9300000
3	9300000	9400000
3	9400000	9500000
3	9500000	9600000
3	9600000	9700000
3	9700000	9800000
3	9800000	9900000
3	9900000	10000000
3	10000000	10100000
3	10100000	10200000
3	10200000	10300000
3	10300000	10400000
3	10400000	10500000
3	10500000	10600000
3	10600000	10700000
3	10700000	10800000
3	10800000	10900000
3	10900000	11000000
3	11000000	11100000
3	11100000	11200000
3	11200000	11300000
3	11300000	11400000
3	11400000	11500000
3	11500000	11600000
3	11600000	11700000
3	11700000	11800000
3	11800000	11900000
3	11900000	12000000
3	12000000	12100000
3	12100000	12200000
3	12200000	12300000
3	12300000	12400000
3	12400000	12500000
3	12500000	12600000
3	12600000	12700000
3	12700000	12800000
3	12800000	12900000
3	12900000	13000000
3	13000000	13100000
3	13100000	13200000
3	13200000	13300000
3	13300000	13400000
3	13400000	13500000
3	13500000	13600000
3	13600000	13700000
3	13700000	13800000
3	13800000	13900000
3	13900000	14000000
3	14000000	14100000
3	14100000	14200000
3	14200000	14300000
3	14300000	14400000
3	14400000	14500000
3	14500000	14600000
3	14600000	14700000
3	14700000	14800000
3	14800000	14900000
3	14900000	15000000
3	15000000	15100000
3	15100000	15200000
3	15200000	15300000
3	15300000	15400000
3	15400000	15500000
3	15500000	15600000
3	15600000	15700000
3	15700000	15800000
3	15800000	15900000
3	15900000	16000000
3	16000000	16100000
3	16100000	16200000
3	16200000	16300000
3	16300000	16400000
3	16400000	16500000
3	16500000	16600000
3	16600000	16700000
3	16700000	16800000
3	16800000	16900000
3	16900000	17000000
3	17000000	17100000
3	17100000	17200000
3	17200000	17300000
3	17300000	17400000
3	17400000	17500000
3	17500000	17600000
3	17600000	17700000
3	17700000	17800000
3	17800000	17900000
3	17900000	18000000
3	18000000	18100000
3	18100000	18200000
3	18200000	18300000
3	18300000	18400000
3	18400000	18500000
3	18500000	18600000
3	18600000	18700000
3	18700000	18800000
3	18800000	18900000
3	18900000	19000000
3	19000000	19100000
3	19100000	19200000
3	19200000	19300000
3	19300000	19400000
3	19400000	19500000
3	19500000	19600000
3	19600000	19700000
3	19700000	19800000
3	19800000	19900000
3	19900000	20000000
3	20000000	20100000
3	20100000	20200000
3	20200000	20300000
3	20300000	20400000
3	20400000	20500000
3	20500000	20600000
3	20600000	20700000
3	20700000	20800000
3	20800000	20900000
3	20900000	21000000
3	21000000	21100000
3	21100000	21200000
3	21200000	21300000
3	21300000	21400000
3	21400000	21500000
3	21500000	21600000
3	21600000	21700000
3	21700000	21800000
3	21800000	21900000
3	21900000	22000000
3	22000000	22100000
3	22100000	22200000
3	22200000	22300000
3	22300000	22400000
3	22400000	22500000
3	22500000	22600000
3	22600000	22700000
3	22700000	22800000
3	22800000	22900000
3	22900000	23000000
3	23000000	23100000
3	23100000	23200000
3	23200000	23300000
3	23300000	23400000
3	23400000	23459830
4	0	100000
4	100000	200000
4	200000	300000
4	300000	400000
4	400000	500000
4	500000	600000
4	600000	700000
4	700000	800000
4	800000	900000
4	900000	1000000
4	1000000	1100000
4	1100000	1200000
4	1200000	1300000
4	1300000	1400000
4	1400000	1500000
4	1500000	1600000
4	1600000	1700000
4	1700000	1800000
4	1800000	1900000
4	1900000	2000000
4	2000000	2100000
4	2100000	2200000
4	2200000	2300000
4	2300000	2400000
4	2400000	2500000
4	2500000	2600000
4	2600000	2700000
4	2700000	2800000
4	2800000	2900000
4	2900000	3000000
4	3000000	3100000
4	3100000	3200000
4	3200000	3300000
4	3300000	3400000
4	3400000	3500000
4	3500000	3600000
4	3600000	3700000
4	3700000	3800000
4	3800000	3900000
4	3900000	4000000
4	4000000	4100000
4	4100000	4200000
4	4200000	4300000
4	4300000	4400000
4	4400000	4500000
4	4500000	4600000
4	4600000	4700000
4	4700000	4800000
4	4800000	4900000
4	4900000	5000000
4	5000000	5100000
4	5100000	5200000
4	5200000	5300000
4	5300000	5400000
4	5400000	5500000
4	5500000	5600000
4	5600000	5700000
4	5700000	5800000
4	5800000	5900000
4	5900000	6000000
4	6000000	6100000
4	6100000	6200000
4	6200000	6300000
4	6300000	6400000
4	6400000	6500000
4	6500000	6600000
4	6600000	6700000
4	6700000	6800000
4	6800000	6900000
4	6900000	7000000
4	7000000	7100000
4	7100000	7200000
4	7200000	7300000
4	7300000	7400000
4	7400000	7500000
4	7500000	7600000
4	7600000	7700000
4	7700000	7800000
4	7800000	7900000
4	7900000	8000000
4	8000000	8100000
4	8100000	8200000
4	8200000	8300000
4	8300000	8400000
4	8400000	8500000
4	8500000	8600000
4	8600000	8700000
4	8700000	8800000
4	8800000	8900000
4	8900000	9000000
4	9000000	9100000
4	9100000	9200000
4	9200000	9300000
4	9300000	9400000
4	9400000	9500000
4	9500000	9600000
4	9600000	9700000
4	9700000	9800000
4	9800000	9900000
4	9900000	10000000
4	10000000	10100000
4	10100000	10200000
4	10200000	10300000
4	10300000	10400000
4	10400000	10500000
4	10500000	10600000
4	10600000	10700000
4	10700000	10800000
4	10800000	10900000
4	10900000	11000000
4	11000000	11100000
4	11100000	11200000
4	11200000	11300000
4	11300000	11400000
4	11400000	11500000
4	11500000	11600000
4	11600000	11700000
4	11700000	11800000
4	11800000	11900000
4	11900000	12000000
4	12000000	12100000
4	12100000	12200000
4	12200000	12300000
4	12300000	12400000
4	12400000	12500000
4	12500000	12600000
4	12600000	12700000
4	12700000	12800000
4	12800000	12900000
4	12900000	13000000
4	13000000	13100000
4	13100000	13200000
4	13200000	13300000
4	13300000	13400000
4	13400000	13500000
4	13500000	13600000
4	13600000	13700000
4	13700000	13800000
4	13800000	13900000
4	13900000	14000000
4	14000000	14100000
4	14100000	14200000
4	14200000	14300000
4	14300000	14400000
4	14400000	14500000
4	14500000	14600000
4	14600000	14700000
4	14700000	14800000
4	14800000	14900000
4	14900000	15000000
4	15000000	15100000
4	15100000	15200000
4	15200000	15300000
4	15300000	15400000
4	15400000	15500000
4	15500000	15600000
4	15600000	15700000
4	15700000	15800000
4	15800000	15900000
4	15900000	16000000
4	16000000	16100000
4	16100000	16200000
4	16200000	16300000
4	16300000	16400000
4	16400000	16500000
4	16500000	16600000
4	16600000	16700000
4	16700000	16800000
4	16800000	16900000
4	16900000	17000000
4	17000000	17100000
4	17100000	17200000
4	17200000	17300000
4	17300000	17400000
4	17400000	17500000
4	17500000	17600000
4	17600000	17700000
4	17700000	17800000
4	17800000	17900000
4	17900000	18000000
4	18000000	18100000
4	18100000	18200000
4	18200000	18300000
4	18300000	18400000
4	18400000	18500000
4	18500000	18585056
5	0	100000
5	100000	200000
5	200000	300000
5	300000	400000
5	400000	500000
5	500000	600000
5	600000	700000
5	700000	800000
5	800000	900000
5	900000	1000000
5	1000000	1100000
5	1100000	1200000
5	1200000	1300000
5	1300000	1400000
5	1400000	1500000
5	1500000	1600000
5	1600000	1700000
5	1700000	1800000
5	1800000	1900000
5	1900000	2000000
5	2000000	2100000
5	2100000	2200000
5	2200000	2300000
5	2300000	2400000
5	2400000	2500000
5	2500000	2600000
5	2600000	2700000
5	2700000	2800000
5	2800000	2900000
5	2900000	3000000
5	3000000	3100000
5	3100000	3200000
5	3200000	3300000
5	3300000	3400000
5	3400000	3500000
5	3500000	3600000
5	3600000	3700000
5	3700000	3800000
5	3800000	3900000
5	3900000	4000000
5	4000000	4100000
5	4100000	4200000
5	4200000	4300000
5	4300000	4400000
5	4400000	4500000
5	4500000	4600000
5	4600000	4700000
5	4700000	4800000
5	4800000	4900000
5	4900000	5000000
5	5000000	5100000
5	5100000	5200000
5	5200000	5300000
5	5300000	5400000
5	5400000	5500000
5	5500000	5600000
5	5600000	5700000
5	5700000	5800000
5	5800000	5900000
5	5900000	6000000
5	6000000	6100000
5	6100000	6200000
5	6200000	6300000
5	6300000	6400000
5	6400000	6500000
5	6500000	6600000
5	6600000	6700000
5	6700000	6800000
5	6800000	6900000
5	6900000	7000000
5	7000000	7100000
5	7100000	7200000
5	7200000	7300000
5	7300000	7400000
5	7400000	7500000
5	7500000	7600000
5	7600000	7700000
5	7700000	7800000
5	7800000	7900000
5	7900000	8000000
5	8000000	8100000
5	8100000	8200000
5	8200000	8300000
5	8300000	8400000
5	8400000	8500000
5	8500000	8600000
5	8600000	8700000
5	8700000	8800000
5	8800000	8900000
5	8900000	9000000
5	9000000	9100000
5	9100000	9200000
5	9200000	9300000
5	9300000	9400000
5	9400000	9500000
5	9500000	9600000
5	9600000	9700000
5	9700000	9800000
5	9800000	9900000
5	9900000	10000000
5	10000000	10100000
5	10100000	10200000
5	10200000	10300000
5	10300000	10400000
5	10400000	10500000
5	10500000	10600000
5	10600000	10700000
5	10700000	10800000
5	10800000	10900000
5	10900000	11000000
5	11000000	11100000
5	11100000	11200000
5	11200000	11300000
5	11300000	11400000
5	11400000	11500000
5	11500000	11600000
5	11600000	11700000
5	11700000	11800000
5	11800000	11900000
5	11900000	12000000
5	12000000	12100000
5	12100000	12200000
5	12200000	12300000
5	12300000	12400000
5	12400000	12500000
5	12500000	12600000
5	12600000	12700000
5	12700000	12800000
5	12800000	12900000
5	12900000	13000000
5	13000000	13100000
5	13100000	13200000
5	13200000	13300000
5	13300000	13400000
5	13400000	13500000
5	13500000	13600000
5	13600000	13700000
5	13700000	13800000
5	13800000	13900000
5	13900000	14000000
5	14000000	14100000
5	14100000	14200000
5	14200000	14300000
5	14300000	14400000
5	14400000	14500000
5	14500000	14600000
5	14600000	14700000
5	14700000	14800000
5	14800000	14900000
5	14900000	15000000
5	15000000	15100000
5	15100000	15200000
5	15200000	15300000
5	15300000	15400000
5	15400000	15500000
5	15500000	15600000
5	15600000	15700000
5	15700000	15800000
5	15800000	15900000
5	15900000	16000000
5	16000000	16100000
5	16100000	16200000
5	16200000	16300000
5	16300000	16400000
5	16400000	16500000
5	16500000	16600000
5	16600000	16700000
5	16700000	16800000
5	16800000	16900000
5	16900000	17000000
5	17000000	17100000
5	17100000	17200000
5	17200000	17300000
5	17300000	17400000
5	17400000	17500000
5	17500000	17600000
5	17600000	17700000
5	17700000	17800000
5	17800000	17900000
5	17900000	18000000
5	18000000	18100000
5	18100000	18200000
5	18200000	18300000
5	18300000	18400000
5	18400000	18500000
5	18500000	18600000
5	18600000	18700000
5	18700000	18800000
5	18800000	18900000
5	18900000	19000000
5	19000000	19100000
5	19100000	19200000
5	19200000	19300000
5	19300000	19400000
5	19400000	19500000
5	19500000	19600000
5	19600000	19700000
5	19700000	19800000
5	19800000	19900000
5	19900000	20000000
5	20000000	20100000
5	20100000	20200000
5	20200000	20300000
5	20300000	20400000
5	20400000	20500000
5	20500000	20600000
5	20600000	20700000
5	20700000	20800000
5	20800000	20900000
5	20900000	21000000
5	21000000	21100000
5	21100000	21200000
5	21200000	21300000
5	21300000	21400000
5	21400000	21500000
5	21500000	21600000
5	21600000	21700000
5	21700000	21800000
5	21800000	21900000
5	21900000	22000000
5	22000000	22100000
5	22100000	22200000
5	22200000	22300000
5	22300000	22400000
5	22400000	22500000
5	22500000	22600000
5	22600000	22700000
5	22700000	22800000
5	22800000	22900000
5	22900000	23000000
5	23000000	23100000
5	23100000	23200000
5	23200000	23300000
5	23300000	23400000
5	23400000	23500000
5	23500000	23600000
5	23600000	23700000
5	23700000	23800000
5	23800000	23900000
5	23900000	24000000
5	24000000	24100000
5	24100000	24200000
5	24200000	24300000
5	24300000	24400000
5	24400000	24500000
5	24500000	24600000
5	24600000	24700000
5	24700000	24800000
5	24800000	24900000
5	24900000	25000000
5	25000000	25100000
5	25100000	25200000
5	25200000	25300000
5	25300000	25400000
5	25400000	25500000
5	25500000	25600000
5	25600000	25700000
5	25700000	25800000
5	25800000	25900000
5	25900000	26000000
5	26000000	26100000
5	26100000	26200000
5	26200000	26300000
5	26300000	26400000
5	26400000	26500000
5	26500000	26600000
5	26600000	26700000
5	26700000	26800000
5	26800000	26900000
5	26900000	26975502
